9485480434
9509281562
9728352805
9136402800
9628423323
9374452292
9725825081
9594794959
9320414719
9688321293
9481717655
9702971566
9549099262
9351850119
9693722989
9061444776
9893864206
9790090852
9456118817
9144807478
9498272674
9082539190
9542135017
9478887053
9461436706
9623657914
9561055412
9129296126
9658775042
9667866862
9200926100
9685189858
9873454362
9998450160
9691621706
9081526923
9128590807
9870074953
9856659585
9819095073
9646189689
9717125116
9175217449
9977405194
9338203484
9419473083
9489840791
9967053694
9912116559
9128958708
9899376476
9410770982
9785059936
9610284734
9874419522
9815227823
9428981515
9583840771
9477850387
9870582132
9918066476
9542169703
9746148527
9089544884
9103682152
9754850104
9398375471
9705846401
9174876806
9416297799
9578239101
9025112324
9558221152
9462432902
9023693755
9496982314
9983177177
9543937811
9648705895
9498629799
9373495108
9052855744
9995785014
9346452169
9774864324
9791049205
9850535605
9848728743
9389487210
9383606384
9213566169
9999521219
9987277576
9833667206
9325849242
9262969633
9170882754
9549163439
9619256006
9288365538
9674556308
9368857709
9079482606
9072097549
9388974227
9871543933
9324330253
9953052775
9899934204
9317450010
9034401567
9804925850
9194583932
9877996028
9072180339
9773822376
9875578599
9120255567
9351365757
9853590129
9948354667
9160321241
9436165287
9652489264
9284483971
9861197825
9407832772
9351007867
9618479106
9337516009
9276502708
9541709175
9969751818
9267977070
9017031434
9114568243
9250433894
9007411704
9787102499
9072550061
9382795770
9826544993
9275239611
9494307340
9073394618
9118979559
9241694806
9709043914
9355528768
9749845689
9482477828
9133839302
9605641402
9093606055
9533432321
9031678236
9741929547
9536340327
9342880061
9356723826
9586705795
9492368920
9632153378
9304666982
9949276443
9337454943
9300352461
9220636868
9824564185
9659141466
9130617538
9968022337
9577007987
9546777354
9487623077
9366184148
9405140721
9956625826
9710201542
9706268215
9035877030
9539552734
9742830714
9066381869
9785388453
9082345349
9988109313
9254205687
9565558091
9640800131
9031943149
9658217029
9566694132
9263032286
9383508263
9604790243
9811459589
9992976644
9828902962
9276388409
9717104649
9654775535
9044621271
9904746630
9249215249
9230374563
9334081948
9253286381
9035380867
9663438905
9541000870
9369182624
9594084451
9829597421
9966880210
9117031620
9642361430
9145364646
9004778440
9262230128
9490428692
9135720380
9097316409
9473493535
9346488406
9597576465
9933462949
9996177623
9156707820
9699672652
9566398396
9568065200
9624089593
9307105088
9498418334
9136989122
9896991216
9375249319
9694243282
9784802237
9525621786
9266118884
9171251328
9851789113
9932401503
9424276766
9094514730
9534796414
9030879748
9385850869
9380597915
9737432949
9630522084
9880461474
9222119678
9533085566
9528320786
9951344153
9430499874
9950676103
9494879369
9940903185
9154324706
9986532765
9365946208
9922177722
9916332768
9990405632
9295957578
9544949034
9895562847
9743844883
9931661783
9342152946
9616040713
9321678439
9141179349
9907638723
9287458829
9451922575
9230815162
9784233798
9657869150
9528990243
9221176508
9333886818
9095744872
9359405975
9111722105
9411446538
9313812722
9223699663
9952652452
9599149664
9088818462
9804218885
9352990856
9178276752
9141689891
9723512974
9618115002
9742335312
9471060572
9030598119
9448832563
9534554533
9425797367
9955770810
9713211122
9205405151
9773359027
9912955685
9190899102
9410949366
9049500753
9572184805
9470157584
9247053064
9069268380
9305624540
9583264152
9060304011
9367425027
9703576664
9374136174
9496353162
9378877685
9216251906
9595868986
9693245159
9977307291
9279013177
9393467412
9070903457
9056979332
9247108802
9026691499
9699376076
9121240995
9425264431
9728589128
9167419365
9488718562
9681921455
9523491007
9202145556
9907387877
9796866349
9973149804
9186082453
9567375870
9893760668
9267097969
9131195096
9133959662
9191126421
9991913583
9170766605
9655648839
9817685026
9085846987
9022608770
9344773004
9749687044
9373835912
9469261653
9304053726
9808857433
9186500788
9426850944
9267853199
9771936132
9687492119
9963986340
9812726320
9998053845
9350035051
9688195990
9274480734
9711502195
9280781584
9082816022
9252406998
9581993487
9139482974
9684764082
9279271320
9998906262
9886799514
9063082603
9832987004
9680579617
9626272160
9585523809
9731879997
9536460548
9235096481
9207147842
9850444675
9987789979
9803626792
9234798919
9099194235
9463059645
9966126592
9930009876
9950061960
9971787736
9059904357
9147482930
9733061088
9592250311
9010079494
9426279150
9285270286
9795083862
9690670330
9093459935
9596071546
9531448622
9978928462
9787755988
9006414457
9747575634
9248464447
9809341408
9935968181
9833250268
9573748807
9193750411
9378632069
9799244435
9858925195
9725927213
9127041779
9968104939
9007517408
9475841129
9259001747
9422994974
9410847754
9852926678
9463956034
9700817987
9667150494
9971970145
9518327356
9950701770
9938757851
9126155161
9655062450
9061802764
9578918149
9884520044
9038580250
9978343709
9858077081
9876634959
9248346598
9661418555
9230032233
9794404389
9379104485
9304730659
9282847683
9518242391
9766640894
9791871379
9480219872
9176742389
9295621080
9486674167
9950440557
9175003596
9018464345
9892244504
9270792197
9363391741
9008118154
9336192410
9495664781
9466753258
9895601827
9046158195
9742294084
9778244813
9857011652
9816327748
9874336904
9566413280
9066414495
9248816931
9319728218
9213502249
9359968724
9285271408
9196736323
9231930666
9667816667
9846912561
9247874633
9417434074
9342893166
9061678014
9298146537
9564855599
9698254463
9607375005
9173596540
9448305561
9152857485
9588727276
9369856600
9620217607
9974334395
9792631135
9751069297
9055176579
9501822627
9446967445
9175513222
9064090334
9494225612
9470667764
9680273514
9186551418
9639957553
9359241171
9418431133
9335732758
9358801643
9156369864
9271727583
9639816838
9123756843
9891842350
9244400737
9953585808
9186813662
9757202874
9345720498
9563243546
9133894849
9524444134
9944365893
9523389080
9766330089
9853376412
9420904399
9745542888
9151425198
9286821577
9603768110
9342126342
9616715852
9053856143
9231251649
9824322227
9091708484
9485353912
9724759555
9524967513
9255967313
9520848801
9417466744
9377035678
9752612629
9286446396
9262895173
9734037109
9511632150
9937722922
9255795054
9175693199
9747197971
9125995443
9485526522
9564502290
9650019357
9136474740
9843957887
9588068396
9476059174
9338286970
9298122813
9119936802
9236477498
9605365730
9959090363
9100696189
9261494005
9552778222
9496539253
9027685935
9249901593
9926305528
9258542939
9839678472
9772199955
9686860825
9668367537
9881764055
9678416448
9987797041
9071213890
9270870337
9220333770
9664749121
9177132910
9675706253
9338003515
9446368693
9768008891
9466515545
9559534766
9506807287
9843152669
9023539401
9691941936
9351399831
9954655650
9895076445
9034858552
9311026510
9405332097
9530638339
9971705284
9676563347
9742226627
9303939384
9317499734
9039904251
9045446276
9689322579
9168922325
9692874508
9793486676
9466794611
9899654174
9023711779
9809575670
9252648967
9140337806
9209616334
9103274252
9327678497
9910915328
9463601753
9611900100
9877322518
9486345042
9894758923
9217945384
9501082255
9869859059
9284280834
9750172653
9740836001
9779159992
9470302657
9242159958
9921832211
9782482272
9888402192
9188929608
9891447013
9670891913
9967580623
9711075170
9474422070
9472483763
9919330445
9582781635
9833231837
9800075772
9384502953
9956575421
9082688514
9905772712
9277249341
9950810232
9027241147
9173557857
9379000127
9718804514
9764246956
9721812906
9171880029
9845967016
9735793546
9355632870
9382920515
9128860107
9705451790
9727772389
9128662450
9482621889
9175628350
9029272526
9865450406
9484140648
9821675048
9141931859
9595074585
9302818392
9283403641
9868256580
9941746310
9174638278
9687643894
9912613886
9745134911
9006847395
9268178382
9419791406
9872293883
9719586654
9958573581
9535054675
9681736495
9419451599
9106170914
9805116031
9191535409
9557536158
9940763076
9319449195
9644730515
9627062049
9162475533
9485580656
9282128148
9482125924
9644431887
9289921717
9371762825
9729923878
9005288896
9236126517
9716963726
9730486639
9112002256
9587469945
9926180747
9067057847
9702463756
9002570485
9383869407
9384862700
9711851465
9956311126
9244087529
9728296109
9632224210
9632599238
9152661851
9304834168
9501538849
9254077547
9557377208
9257800206
9632701374
9428290785
9635645038
9677247287
9719249794
9013871197
9561819330
9250754683
9295450575
9672606990
9110139452
9956709221
9090015309
9818419180
9817723866
9327889012
9953333812
9070821876
9249621465
9124401568
9034077973
9568801145
9898636062
9369283723
9607721812
9582583608
9877913460
9614960086
9926160671
9102039317
9737564779
9611478979
9466485628
9319416677
9868624974
9028165994
9466900220
9240523865
9717343097
9930178431
9921312766
9497637439
9422066609
9991959656
9761050776
9855259266
9781516277
9655664560
9275113741
9674158868
9845760279
9402606228
9705596079
9811425237
9596228491
9838653963
9634413101
9403094098
9205197101
9264277978
9038205160
9747716393
9494421600
9345310071
9482824730
9064598985
9618619150
9923322488
9719547282
9915081020
9806810746
9559533175
9721326003
9972282133
9546651082
9962977696
9221013585
9531018179
9622315889
9948272018
9588502578
9667206701
9125162926
9031741281
9231558212
9407529554
9703504926
9176453979
9752746800
9126035073
9215141104
9566420591
9507300816
9474858010
9046265132
9673476153
9907558897
9464672169
9428324564
9529025231
9144836933
9263725293
9099346795
9723007823
9692164477
9410541579
9040384945
9763293994
9062581254
9727063546
9443263985
9252506740
9184572717
9614439544
9354204439
9406506538
9130868371
9573046113
9550562142
9095311466
9836126063
9521988796
9908680113
9054723681
9926451133
9118078285
9788133502
9069402801
9825536614
9639833237
9824791151
9548783540
9978792542
9290505441
9487505023
9752413467
9111118511
9690779024
9502190328
9750702021
9571111445
9063146131
9308716868
9339416253
9136430997
9086479063
9898066674
9636156521
9088840071
9071094051
9837079487
9091938814
9704858596
9023006827
9398862579
9265312644
9016797505
9404864206
9991837679
9557949465
9044268571
9041786313
9659835183
9614486564
9382103259
9182929152
9533832725
9903660992
9708592485
9251644746
9806935441
9510861931
9306031361
9196986312
9751807619
9214038108
9662025907
9212233154
9358819025
9731173740
9284069887
9908770121
9697451354
9976279900
9896428829
9365178037
9914625735
9664006641
9948902214
9546785479
9917547984
9976125446
9623677679
9030397950
9300463698
9385409561
9393525162
9862746504
9714090865
9827394833
9771136267
9019591878
9441074416
9520160637
9692550040
9686261140
9550235803
9954636324
9434271430
9675207447
9329049120
9226784623
9982704870
9493792033
9854572823
9423803844
9207349294
9733749863
9559789938
9380299357
9997588831
9797670615
9159206842
9722237098
9633398042
9222785461
9990402272
9831438806
9529937071
9701891057
9373529299
9848214692
9165487331
9895714895
9853116782
9804926820
9113816391
9065064414
9492416996
9010371918
9381787336
9884350253
9604572762
9829706707
9104734911
9158012987
9865120173
9517280161
9437516101
9066440532
9369743357
9284949259
9367489018
9743454530
9468397698
9705841817
9207991504
9166021337
9644916195
9969170465
9598281970
9415000160
9689087352
9144065525
9879484031
9499500701
9179513226
9041063581
9361678114
9809356081
9107953584
9072734542
9865450569
9708326300
9246806794
9610172285
9975060941
9895090691
9039624007
9734353542
9825548973
9371489653
9433427853
9464441954
9651017950
9951347855
9042979999
9801253073
9164381974
9324394071
9433615482
9602149174
9636986056
9989048320
9700819862
9724734840
9822210440
9262735381
9143498495
9238458187
9075722678
9837559561
9818426010
9600692344
9421766071
9597174015
9800174998
9726063955
9343505142
9663225744
9336817608
9852248284
9697154601
9393999687
9468663829
9774263616
9886076953
9627183309
9306416250
9256713775
9770965822
9167929297
9074996766
9427595671
9233780087
9023166831
9732964635
9313758659
9111235343
9079104231
9871075778
9203902608
9357065667
9713578194
9084853238
9068131488
9316051519
9132852342
9608442143
9376807888
9081992512
9830120509
9579910726
9529609174
9413346561
9692215772
9036793841
9368955579
9116601206
9690523518
9424461350
9005515165
9953970860
9013701508
9197553628
9354124051
9125356361
9231127798
9203941990
9150285825
9705987144
9725597935
9303862768
9026707285
9894414513
9069549384
9313952562
9371775691
9567066831
9436800228
9646134780
9619237653
9766286856
9945494770
9316030990
9413813764
9535160511
9554215261
9145171606
9782577961
9065212565
9468526097
9938009935
9569649456
9229101287
9892146612
9263722590
9200114820
9034653256
9479348744
9486733689
9823076112
9660245180
9488148427
9272911841
9843308933
9525800965
9794228481
9972172360
9770227173
9816188614
9448157222
9136054378
9563375381
9383344091
9834568862
9139473704
9749578395
9706328414
9490728649
9635933724
9112649373
9408128783
9407817797
9329260168
9260917576
9875396476
9927311114
9367765460
9156139864
9532873557
9326222896
9982766059
9015305236
9693724426
9528989795
9727608951
9595901265
9313484277
9898880314
9110017607
9677098832
9843140484
9518242387
9067175292
9770064523
9937983031
9508931158
9699126886
9899154670
9744110232
9131656776
9169247623
9989324230
9878236598
9284294058
9186340522
9893647826
9779163997
9396830868
9258456913
9966145259
9148834488
9677080638
9421374702
9628008065
9297993081
9319469078
9894788247
9059180663
9343332014
9184227712
9687574314
9814127259
9958126082
9735206563
9467113262
9368819772
9951683253
9770534940
9559851498
9898924829
9585679313
9978568727
9305051218
9605569583
9869898419
9733208413
9732240877
9764294722
9801537420
9308975589
9523702705
9118194248
9639681932
9111769108
9410264606
9965806291
9737746675
9701131268
9108762640
9514350985
9257027204
9673734173
9037856507
9020554775
9062374738
9715361025
9347878221
9508816976
9213790407
9260874277
9588005379
9399556021
9668032263
9254412302
9301834285
9345329670
9885639055
9023838232
9383435650
9473856699
9610378444
9140335510
9087600175
9996706209
9960480093
9984222929
9661301783
9148407233
9003435620
9047613248
9955658366
9637683993
9301310090
9914035445
9092808938
9263837582
9751800375
9099777471
9905522933
9691369220
9421729685
9077592162
9854289158
9804532861
9683097646
9464548182
9202056780
9743527533
9690830027
9095045785
9083459192
9299301195
9761227447
9521314025
9592321448
9005902988
9554443717
9812996949
9865843230
9701816424
9911692096
9601068900
9230788048
9649494859
9983343476
9755562535
9692223143
9707119944
9532681611
9816280035
9806335160
9889629383
9451655629
9748338625
9660443153
9470180070
9653805248
9543470373
9511755941
9717697644
9091726235
9582236240
9529352444
9867492576
9142818256
9988130959
9069274667
9378567593
9047988108
9212138445
9619341320
9911160994
9146184803
9868199819
9333893185
9112631033
9622431747
9177838884
9908535466
9763432775
9508784685
9675916847
9094371236
9634413592
9337997869
9125397121
9425051604
9202954012
9164158879
9121116928
9590613641
9854131541
9325819429
9884287763
9884337851
9862035050
9434463495
9421021930
9794997399
9128545367
9905587636
9812225566
9312821088
9726530167
9388033143
9052438085
9358581292
9873054435
9251982985
9729921139
9018084331
9516123421
9331694046
9898257689
9121846943
9274485025
9440618168
9690253660
9982940022
9987115024
9516480893
9464820585
9794706710
9286903601
9131246519
9024337559
9266028508
9718489359
9092044308
9868846114
9196971091
9955873858
9097666890
9313455491
9091642630
9423847104
9023808151
9456509377
9346961585
9164418326
9235963592
9576826400
9022964395
9498791905
9187316349
9667065464
9451897729
9742805947
9851976851
9977715639
9884377959
9934042454
9308436872
9573550534
9668522402
9224544775
9985374644
9337102585
9040077123
9250262485
9641688364
9464793630
9683652332
9386082715
9931667330
9247032130
9510722203
9165943530
9286676330
9598466392
9646292919
9265563994
9489917006
9874786503
9571951282
9517115434
9250505973
9537744368
9171407254
9437672838
9299722685
9597763983
9092898319
9757430194
9211763382
9723153110
9014508204
9965231979
9145127721
9668307714
9541678753
9234535329
9164077900
9485907410
9910813253
9969440585
9023679705
9736477808
9965288546
9341399147
9061850006
9435778512
9771910702
9202522384
9338955926
9197972701
9308961386
9333893870
9306007340
9108143940
9966378362
9587406394
9232659378
9624925226
9501236163
9375131960
9409643025
9682872390
9024700206
9160667886
9482952077
9354699818
9926142152
9936387958
9978076729
9749491128
9357776335
9533760756
9052972922
9285372872
9175808828
9675829009
9291755102
9888829370
9756082617
9400748562
9708408163
9457042621
9328584743
9978377365
9965986302
9692797965
9149841150
9264718299
9780198330
9323618346
9568869041
9660112030
9390456315
9268527692
9407724970
9457826372
9217761372
9590621101
9489391823
9149339837
9065799941
9191806863
9618594807
9084695721
9445414578
9505286529
9910668898
9412307585
9188405333
9031510992
9851031919
9236192364
9778383105
9483819959
9658987552
9673460309
9090928639
9108212985
9164082205
9033018308
9879859375
9920450733
9397964424
9795333480
9548490923
9791632510
9916632010
9917510968
9623517449
9114128676
9793085840
9591995124
9725882000
9777694526
9103119272
9278100153
9376053679
9878246163
9865322910
9655805822
9729367977
9251569418
9235962795
9497998678
9625805338
9239385728
9527180789
9976936159
9898954265
9204455616
9949181488
9015690660
9285835800
9602881099
9311228933
9589258075
9200988555
9615296469
9613250561
9363612806
9591132368
9175735344
9781138856
9602919940
9981146910
9528547237
9956014619
9955491654
9358749648
9009205491
9863283375
9874276502
9092069576
9051254574
9272891675
9559702449
9139982351
9179303054
9874856795
9796160468
9485655567
9557169153
9754438350
9367275027
9976555784
9180689085
9681709866
9820684030
9739735930
9741708809
9056004363
9959692090
9390221908
9534007850
9801946535
9649819152
9928690269
9042323236
9768114148
9043284723
9036973948
9164703076
9628158704
9068914691
9076317246
9368578619
9103333819
9856185590
9566488104
9139442458
9006224726
9274806666
9278837555
9510461530
9763828537
9666179512
9837070399
9492453825
9232639475
9514852120
9388492173
9965404460
9685714341
9380793006
9239114821
9741975271
9477029201
9155508578
9067248935
9751631804
9335107699
9840015883
9449764825
9041226135
9526373821
9134857184
9253773356
9742648045
9858852497
9583636267
9073368276
9826635720
9542439073
9408299227
9686841827
9027560123
9259256746
9588217930
9869588775
9022083834
9836350050
9913802646
9694041380
9514220046
9206003970
9025447101
9996207714
9968039465
9650991882
9094080453
9959507738
9573836538
9347144846
9405875667
9413823405
9406588837
9514479229
9010934859
9446649747
9928034227
9871250100
9975011397
9902220059
9987247008
9543408687
9402459812
9864822892
9555800180
9234581581
9277597443
9886448674
9018479496
9873146057
9402412473
9587877927
9777342743
9423498617
9230209962
9820470850
9237366370
9450910164
9405650632
9414843079
9328732365
9241629535
9533574925
9852658529
9670976960
9159757442
9199982104
9318347358
9569584127
9131306899
9048215482
9599522293
9634271164
9269863947
9645842633
9310621928
9010578801
9120921555
9530235588
9039873272
9198367940
9851801453
9979007419
9688508499
9076260561
9908642648
9337166740
9428233618
9059054723
9302520406
9069629527
9179867974
9044072990
9828990284
9277777674
9601718697
9579781922
9381766651
9885447316
9733478630
9673472536
9794887132
9081720616
9876579032
9716112417
9016143045
9243786738
9547781771
9236761845
9142173433
9150486609
9624691345
9348415440
9942973387
9255107671
9525411310
9833769342
9222988641
9540532201
9261039534
9093184466
9719692742
9805449046
9578000855
9366845277
9376502458
9231008161
9450285556
9763650255
9197811723
9829152345
9958832054
9011671037
9976142000
9830749102
9759499524
9860319408
9825068675
9148102086
9706608286
9662672480
9543050220
9943719070
9047080865
9421410348
9301767935
9261830608
9667894494
9860942019
9046333865
9433319520
9135934150
9582426355
9209171665
9151478604
9594842917
9031057994
9790680068
9411915464
9615153225
9620793240
9162983672
9836043096
9524683338
9666973946
9105181973
9592807143
9620081471
9931197658
9814231679
9894258135
9053438189
9838763967
9414777450
9939729728
9396490527
9079585450
9333203923
9345706480
9113404125
9577168638
9115670697
9599883779
9895501217
9972598542
9117788519
9025357870
9875361770
9190791325
9448671327
9821371535
9633104271
9592446536
9429390599
9800646461
9134278252
9321843015
9702085210
9119139910
9315649059
9576237976
9478721343
9445430031
9580127437
9071874492
9276258185
9990776617
9840604870
9786534368
9385879951
9643881876
9128244959
9312579228
9527039957
9237903664
9690049871
9618420326
9130905580
9696681829
9998233622
9243599143
9298666834
9825771124
9306315412
9251245195
9235214732
9050293056
9000822943
9501564882
9692427677
9414774853
9085497500
9737387624
9364602499
9674287466
9091416948
9930698012
9600551214
9773215379
9873009529
9341698159
9300354725
9359561101
9788422902
9300515183
9766867484
9679043153
9200766161
9149702823
9067232606
9094907105
9984448264
9273190227
9384333602
9282232761
9554720223
9078898005
9885017960
9910288301
9794403060
9792910359
9841918387
9412790132
9228913372
9962084332
9845811195
9699931162
9078895045
9633834445
9719672650
9326027482
9337291479
9065265615
9317915987
9915360893
9708207377
9693334832
9259631112
9983143951
9132791121
9672681644
9427233571
9106376683
9011127022
9647869026
9316943140
9343568714
9769986842
9553990830
9520028381
9510739451
9390486794
9511806919
9027566236
9378909810
9005631388
9641420885
9839729088
9413116837
9871197335
9098919465
9359062522
9407438911
9285398894
9742261963
9679381654
9216901806
9875937215
9714248614
9089718119
9224013070
9002571260
9553325899
9916702951
9594823828
9463881335
9051571178
9388643392
9268317542
9539103225
9451500803
9770813694
9400248794
9749553038
9674203334
9783303967
9735842229
9953023506
9019279747
9459641295
9109835976
9866178278
9440777935
9204025478
9248629039
9419251610
9894236888
9803852618
9707475761
9744771228
9061433595
9392681232
9654467296
9714001526
9905107532
9846633177
9777192223
9194843676
9783152329
9556847256
9432400488
9897797115
9344390491
9968016891
9245237058
9810966252
9444065277
9349421731
9389349194
9365085834
9485251474
9974513792
9603565909
9193273120
9321836534
9284362812
9926987245
9016604050
9531411587
9414728618
9360126358
9558970276
9294113253
9429262871
9518462132
9787352850
9996979885
9599124134
9972858678
9163608389
9225303706
9897531628
9841141509
9245005755
9923301011
9782871530
9386907779
9757168659
9891364961
9621807829
9916438950
9787713193
9771630229
9326996200
9618964866
9617977285
9475772309
9855463072
9221766015
9202707546
9272671767
9387248407
9940297645
9210480101
9101474740
9502066399
9034111606
9976377639
9260368800
9749004314
9208276239
9702684163
9825830168
9821684927
9450382414
9827758643
9316381348
9002109249
9833518554
9184457222
9069541671
9817174065
9428470890
9236389910
9983035486
9078056137
9698527224
9615084669
9204585088
9989563374
9178100947
9152337033
9426375617
9965157758
9723268856
9235720739
9540000267
9232698492
9143368049
9051896437
9012454208
9467317167
9671147820
9174370224
9634453811
9488543755
9940635033
9003044024
9476978763
9837778663
9650263684
9863384763
9621904088
9835356682
9952077339
9533318509
9724572375
9140463973
9519300361
9757007415
9730774365
9881613565
9241239844
9748190579
9995789246
9998931502
9015160114
9691854504
9889797850
9784922883
9904332064
9526148000
9031225860
9098327497
9221082174
9889795449
9222921234
9980102251
9135056889
9442040418
9135709502
9219077895
9463560398
9632334317
9638592156
9921720759
9956356943
9356613261
9411372530
9512388855
9754473959
9326905161
9537522106
9919612135
9365408754
9942364069
9911018484
9827412043
9069514792
9172314085
9880660202
9655617249
9416233224
9331535424
9716126608
9028082756
9710968744
9642333434
9755999318
9135260868
9749351437
9429978608
9681858735
9917186275
9629267209
9308516807
9490242985
9169322917
9680804411
9154499401
9044319782
9263201164
9963362048
9111094745
9234143041
9408834404
9740751823
9659967257
9828629824
9099203905
9588480605
9660577579
9812114496
9543915351
9069535630
9311124421
9854819260
9652806659
9764592089
9010151602
9051742893
9339335457
9028912477
9725522553
9791105316
9591282361
9190493115
9760303155
9879720014
9218401315
9701344432
9934932049
9413172757
9897108067
9271680485
9159022759
9697989074
9039447457
9204587264
9461396524
9210412055
9280321469
9177666316
9018790017
9803832388
9416358676
9530041614
9469891331
9959103956
9063514066
9238817683
9808595160
9145657476
9639406511
9229608843
9733193168
9209579711
9968223922
9695675107
9774674346
9978067664
9416008745
9415542646
9916985999
9287991141
9459917910
9919860723
9536711695
9149793177
9957964891
9186668104
9790169988
9994705227
9678475738
9961514279
9626822649
9356357751
9103685045
9330874289
9122606984
9455622317
9710047830
9185575723
9743177318
9286383887
9690536710
9328192338
9284583534
9215906347
9187934816
9849570143
9316677150
9604676438
9854927783
9775175952
9627537831
9663753990
9123394751
9277837068
9391425402
9854160046
9073348449
9231673470
9355470018
9265972006
9386056560
9086981768
9503534550
9942799095
9203320659
9023410234
9712385103
9036455994
9539921821
9238391117
9147928509
9688492670
9634112517
9972680084
9798043234
9491231942
9213097480
9906300688
9310796585
9200899813
9607417072
9159328247
9296747585
9511435024
9536853070
9260614006
9835485687
9981607318
9060551683
9523435048
9513930213
9142421033
9629465541
9121447371
9913595664
9803136574
9652232260
9457105290
9663478070
9864704636
9966111354
9244078012
9059701238
9188781465
9852714644
9311610747
9810023274
9656069064
9214038502
9284808693
9703963985
9357576039
9273461156
9998044866
9805493854
9881127007
9477243523
9517557870
9533643293
9291345845
9111680730
9005782123
9674755802
9311145204
9744976795
9528947680
9242587993
9443952090
9865769328
9186975505
9601584941
9371179932
9721093014
9448290733
9077682067
9157900897
9257176418
9796227747
9680835707
9042616166
9760031998
9714693190
9657335906
9066219308
9629158391
9506922503
9157142394
9814277330
9270145774
9937641696
9780830074
9848718630
9481544657
9538021882
9240510453
9612065252
9808006361
9469146746
9033946161
9117979655
9631540896
9667504232
9105115983
9354980359
9965029195
9989684673
9146789664
9762714273
9914879444
9213699063
9613501395
9325169144
9911593926
9052480987
9316863074
9603183131
9521623741
9142491791
9879559859
9637506930
9800870949
9446945917
9104443464
9635557813
9295507797
9626039873
9760525070
9152578220
9124798204
9341027566
9430351475
9156469493
9834169945
9819701691
9728341900
9631294175
9019769806
9705205131
9087017070
9131610696
9922985910
9142508456
9318024216
9430375241
9581049286
9095803828
9960735037
9812655259
9479007361
9361964622
9355580628
9202533931
9486833674
9180608783
9670883446
9479855363
9313476023
9258760672
9106092458
9499421008
9253813883
9145313524
9463398465
9664243660
9604325243
9812105810
9574635664
9184994160
9642844703
9920555202
9165758864
9767948546
9783838204
9274815248
9097574227
9427697936
9538868218
9892704944
9719230908
9553196066
9452575884
9418960131
9206179531
9972891715
9876199006
9212233272
9904790854
9919461843
9925311681
9243862559
9338158201
9854107061
9904661435
9568388056
9494184325
9923158011
9743840903
9199135601
9431475917
9051314054
9297384404
9338181648
9660179095
9118739613
9403310598
9257848061
9311313647
9260988293
9454893812
9010107892
9762644295
9195433544
9259555840
9160818249
9594990449
9876197466
9372496354
9432637994
9643839021
9722113634
9275887159
9232816747
9660385958
9334843029
9366229481
9866166907
9166581025
9890143497
9403785164
9960086209
9920057764
9255043620
9514676458
9014318395
9449051348
9356174691
9019311467
9443733293
9434211012
9210461727
9770724151
9278062240
9533604725
9543849803
9778617705
9726274175
9491544899
9253574128
9347056870
9514214059
9277000974
9754972928
9621994196
9468329232
9012443840
9678264663
9633558664
9768214536
9099177252
9918783528
9295333388
9209242554
9120701403
9996540112
9409482172
9431763784
9356391443
9929467195
9718158371
9938353121
9346896067
9032244977
9340592800
9325902768
9220952060
9444779128
9999948667
9553879064
9381691355
9465394994
9972511510
9630167405
9226146676
9227233128
9193768650
9199770874
9169200130
9952434232
9924963473
9868289291
9160478735
9180747884
9897236791
9217950130
9140661775
9818896350
9225669046
9127610394
9760520473
9893012596
9005313825
9571701315
9230875670
9845433436
9719810356
9085630938
9418449000
9344814475
9091618982
9051385714
9194599203
9550383125
9874362122
9805676117
9073628076
9450909189
9200716774
9680822343
9937295125
9683651052
9926279389
9142226090
9114516085
9701158214
9577612590
9072797747
9328025551
9323077981
9854651697
9427336977
9752732195
9798210914
9376075436
9321314543
9901602563
9814167787
9081788580
9969657320
9240349563
9411169693
9290755226
9499418024
9101016192
9077849653
9300647475
9710161976
9872827928
9548404949
9402412592
9244735639
9177819516
9768375162
9783011643
9493670113
9662715318
9021932835
9896873032
9704491126
9078373775
9393667323
9622169308
9450851584
9034491613
9540320088
9783057692
9385607053
9739158845
9105127403
9450790443
9787403585
9745808197
9065631195
9976949041
9913584455
9722946680
9663227518
9555777137
9752499196
9644102804
9856535385
9863833856
9139509442
9875242033
9393922475
9645840309
9609071950
9405087624
9639835221
9122745316
9629611050
9616118384
9470768100
9712376839
9942801163
9224235200
9556182189
9849054719
9432177590
9406651715
9584212450
9206820106
9005417143
9095900159
9401183362
9189125467
9624881540
9742986911
9702566323
9991971166
9126630378
9945192003
9788843176
9862963560
9291868029
9247116546
9758084247
9988577012
9054490361
9376534631
9613196859
9697912892
9972311910
9712590908
9325894873
9463904578
9670184077
9404161982
9417349732
9850103016
9379259633
9553948584
9777110975
9616040512
9829137761
9630222801
9051591464
9233638603
9058506183
9302682708
9301836498
9001601118
9350920689
9767024791
9947766301
9050896726
9843214954
9835192214
9021679155
9497042479
9065994059
9924509461
9298323453
9350053830
9537254959
9871135475
9017503868
9806845120
9083545521
9356993651
9342057325
9519988051
9724876919
9185688369
9708593212
9895744597
9296411245
9493694964
9547149393
9266281422
9882905250
9230407074
9166298541
9624436667
9791241535
9457069801
9795804383
9646881985
9336946715
9168312511
9787596385
9887355660
9943538028
9358948034
9182662781
9447657637
9907309324
9277781674
9258950431
9687680926
9238901737
9621493677
9971644852
9203667360
9874750196
9949025714
9744706060
9473587533
9238903513
9129133596
9139109362
9992141496
9404353243
9272664896
9473861206
9986531593
9364236192
9983958503
9186460563
9131308500
9927788903
9477397717
9488054883
9784125954
9000679384
9224279360
9679925339
9543663114
9052314478
9404473680
9827062022
9290397889
9122053656
9771064865
9995135658
9289075956
9587277173
9376000196
9488819998
9008737521
9858820595
9475852725
9720007248
9029997114
9902303499
9178670129
9777992083
9146268522
9015277081
9345918073
9145471077
9311042800
9532877861
9417160379
9557223866
9606532522
9131077606
9173935817
9978920797
9386736901
9893208653
9982981813
9061064754
9722488759
9015698082
9536204509
9135548505
9619396037
9158442761
9970690024
9284029201
9183410040
9000898213
9136635797
9318956062
9437031681
9983906841
9928154980
9704029878
9460195287
9994984393
9130654705
9514686823
9846499713
9303197732
9029524822
9633059709
9988965480
9671611086
9027772447
9611198626
9904514991
9763559575
9419525456
9087608412
9852231541
9772744451
9972097834
9527883313
9089533640
9905376431
9826278465
9062708503
9562997050
9427396618
9370477747
9225044585
9515110173
9208614206
9705845879
9773905971
9330791416
9296450267
9559181377
9002158141
9492298502
9728354973
9497116701
9476950939
9481137350
9586122711
9442809487
9148589660
9920976860
9615062532
9518412369
9120825372
9622673793
9785248563
9394549559
9314377857
9079727008
9244553040
9050056952
9716763224
9033187584
9823910997
9133520954
9038811327
9851467275
9123916501
9089200502
9962533633
9835504740
9590501930
9665376818
9684981354
9253083730
9505564882
9896320686
9985112472
9622315804
9684838224
9700960968
9746415156
9911098638
9428040592
9614960930
9729076620
9732449588
9312806348
9028524780
9595073531
9438318106
9989399177
9442033643
9224420666
9628971595
9832938773
9914311529
9354096307
9803643172
9367108547
9219504995
9141480464
9007310258
9647023070
9958091730
9481759474
9318446691
9124077874
9235510722
9160877255
9720047599
9302865666
9251196445
9176033803
9632277474
9379571066
9442036789
9231540225
9045321399
9967359653
9155325219
9215198244
9475968812
9354314011
9108891265
9902952732
9283684641
9607308512
9657685226
9257385969
9858267043
9978088833
9645015947
9136090506
9659701534
9960170739
9227585304
9802944536
9630876164
9863920815
9967019949
9147448631
9320555734
9076995286
9915177328
9240480785
9559082680
9779307701
9273412973
9240756566
9539597569
9132112812
9810016969
9944385714
9409576983
9135528879
9310835301
9275680708
9743544882
9664483725
9979505115
9570413763
9973389420
9167856412
9143715985
9706331417
9591975150
9483136613
9660496204
9085576354
9924444865
9218183409
9531001114
9068399673
9081710458
9574082179
9916711597
9498659709
9892213214
9467216675
9166595550
9524583306
9596434466
9017238794
9306601022
9130560543
9714267806
9079014636
9202014991
9793355036
9799843594
9783138273
9053321454
9936187160
9817888212
9743021525
9005075576
9103861681
9866775708
9615060278
9344778084
9815661586
9436009253
9908537559
9988010512
9901656685
9438006985
9008807873
9702586709
9844037305
9198360652
9048222236
9943641554
9766631129
9930889055
9546775648
9274917712
9903311664
9105218925
9653282531
9165550458
9966771998
9492881658
9542611789
9161578983
9163343400
9870433287
9221959963
9896537431
9751697258
9112202160
9331421278
9765950167
9758883218
9808162787
9782607860
9131237786
9601162423
9218460023
9447666570
9049170690
9774067854
9457558330
9813694868
9832072074
9931709367
9233857091
9334759940
9050056154
9791399103
9370282918
9765372837
9382404495
9865705657
9548769272
9481982523
9651329666
9913816236
9192035134
9444973565
9913621344
9449070445
9059652095
9029584088
9432004936
9692311952
9766167814
9047698861
9623673312
9198493671
9472493945
9290813302
9210158082
9246846876
9999320501
9769697130
9193156162
9092603069
9977299304
9671578070
9000915357
9581385670
9785337736
9823239030
9213901051
9183208095
9717471396
9821943410
9770495620
9447521438
9005234524
9981023340
9889806558
9013885608
9629410287
9036835628
9104719242
9829521709
9565589633
9497434181
9554587902
9560190576
9297663684
9859757743
9899834077
9796621549
9802429287
9384127999
9490021686
9359770496
9665607072
9267447844
9064002629
9989717896
9661664881
9701768184
9854709794
9100667138
9184634832
9724248751
9899413157
9686897292
9612449694
9159799044
9061981251
9701597178
9811204777
9400564170
9764016698
9489128923
9149088594
9836708814
9855521000
9823523595
9246748119
9325406972
9315357475
9645539827
9481091664
9908644674
9086068846
9873294719
9821199528
9943950769
9484271807
9653446952
9681967069
9343698705
9296626784
9968155637
9256670938
9071763161
9898413152
9778062004
9861997550
9763164443
9615595881
9800601929
9692878466
9745697724
9011529947
9632801162
9003003340
9114325960
9180147317
9211433354
9770318011
9937616729
9964796334
9557687229
9937303942
9645267172
9449322141
9434074755
9872215770
9861668583
9647908365
9050771774
9541565763
9815968109
9753469291
9898195154
9683159646
9726331069
9005028311
9573114506
9557005018
9067953965
9610354002
9358422976
9977237589
9042995980
9097141095
9305419619
9608467988
9580919799
9653854862
9954390655
9603016227
9871265914
9577642875
9068324514
9014564664
9719829800
9729139931
9658679940
9513551377
9746221638
9508323577
9302450123
9386317103
9644598033
9716672450
9416045054
9564024734
9634600971
9571467512
9453123652
9003644164
9229095222
9584084418
9932757518
9615589309
9796752033
9816755967
9442527098
9410002885
9747603593
9635683264
9773306504
9491112518
9309751010
9620206550
9885937133
9190425986
9132491836
9824021486
9929067619
9873329023
9985747410
9816664073
9089369019
9083849675
9229319999
9982059055
9931824248
9806923486
9956121497
9036024356
9190123380
9204747786
9132229543
9080905237
9205449593
9514877704
9415255955
9570365674
9329569180
9451864262
9999534533
9172406719
9644530479
9270077828
9913573793
9625267609
9938364246
9160718460
9822783665
9083823805
9750793919
9129349624
9856988226
9127437855
9016483982
9255074004
9893774962
9462262947
9012925184
9232802080
9153432780
9929212832
9977506229
9599731633
9411459858
9260921414
9331109085
9736398990
9133344597
9802791940
9927361228
9445661511
9239624583
9916426416
9993744029
9697372533
9944330308
9656035442
9691238325
9074352696
9640018168
9200147398
9319054109
9410631589
9859276597
9333506110
9153082384
9993842012
9113573436
9429329164
9261077979
9394527149
9679267896
9598495794
9110251147
9889713985
9385954809
9597264666
9721654585
9881216197
9090317311
9412089218
9748516659
9614321177
9821142879
9532927160
9957446129
9322084611
9822204390
9942127854
9717201819
9878268581
9094990571
9736452774
9039758036
9636179848
9424806951
9282328424
9521059681
9125559163
9510303443
9728436753
9112619309
9290619839
9761822678
9606437724
9941792962
9269494629
9563930480
9107089191
9833276772
9795680975
9492775478
9573222895
9399166407
9903557437
9965627303
9587618663
9238299608
9127182730
9132161372
9160756153
9415199676
9363488707
9937452295
9057586892
9361313566
9137712583
9985153530
9059258984
9778233952
9797096058
9254617573
9147554967
9985356888
9966627172
9031337610
9513158422
9891248445
9846308704
9563411707
9009407901
9971810796
9620826043
9776016573
9031453790
9747643539
9188801498
9452010204
9038579593
9122023271
9430505031
9219460467
9906126804
9604187585
9176492069
9961821604
9090947035
9880377193
9110584981
9839176003
9178452747
9985676742
9903870536
9251821477
9834222721
9634931888
9469757806
9324546723
9518629516
9599428233
9617118028
9426155348
9951646329
9963033414
9233682915
9699043686
9709483429
9744364376
9362234645
9126829737
9701923110
9836123217
9750000745
9044397596
9120778341
9441982039
9604117302
9610759812
9052169558
9232015912
9815679475
9395052876
9203071421
9441169407
9932055116
9701887204
9873922597
9113454490
9756211644
9057673028
9057996078
9100708490
9503679198
9892454427
9098179804
9789904220
9453156428
9144761122
9324837897
9799250841
9500657617
9999917364
9131423580
9915321190
9550064299
9630023105
9116501133
9954753293
9315748572
9624592969
9023431714
9842565613
9773785089
9076005377
9266978900
9183075971
9312868969
9579868028
9766752227
9557710428
9835716554
9254561794
9288073912
9958535197
9520742696
9983945578
9996617409
9609071031
9130655822
9408121938
9378693248
9424660410
9797033263
9023718517
9498976576
9559277264
9251016950
9030834423
9890462401
9543659718
9709287472
9708038587
9687038871
9192046847
9205253810
9229563101
9830855910
9981839827
9727510175
9325993236
9020439381
9031195464
9027996582
9312921753
9801298329
9600933835
9867351884
9823120176
9118151575
9020685674
9641429476
9038548077
9216483807
9215687678
9510707582
9260443041
9371939599
9208738023
9454168350
9883480364
9406488770
9921875068
9812904673
9589980926
9276224240
9282960180
9029447161
9023217225
9682853590
9675551196
9875062142
9712226266
9051365796
9368094867
9474313267
9851877780
9624881901
9777842786
9822688703
9277642884
9534923129
9159411291
9348320349
9950001738
9288778666
9256677812
9819539084
9792711084
9346360704
9442327280
9271601622
9285828384
9221895940
9762485076
9553244753
9137671034
9056001113
9071977529
9812224619
9972027627
9059071633
9567086060
9045895760
9531146229
9282931399
9260674851
9654617764
9229303344
9027703475
9523098554
9037678655
9340096656
9182892666
9583940849
9356223141
9591330257
9149630591
9202711241
9582715906
9923248874
9358528636
9724129229
9125119936
9439907620
9067888973
9173769476
9700953565
9302443963
9125809240
9135026822
9442401142
9744522958
9256434661
9331994236
9251926125
9657799508
9218904905
9089586621
9113465317
9110946654
9859557135
9269096111
9194069561
9483423508
9601553855
9006110059
9806435898
9940021976
9526158990
9365567704
9902932177
9739344760
9778596742
9779484729
9114681726
9357489294
9716745782
9794311526
9379348524
9280592062
9586188349
9985499556
9951686561
9047713870
9147735912
9582204574
9329089503
9253693164
9573120231
9008301682
9446127573
9434437682
9254647868
9757200681
9775472195
9451015483
9413344768
9561591685
9008350139
9790552635
9048760503
9581534493
9519803627
9185435434
9183771840
9552322601
9804615022
9516687025
9991584879
9576949074
9335954206
9138250783
9365467036
9875439009
9744910889
9379664652
9197152677
9961472765
9612608611
9723709543
9811235172
9019723525
9979714924
9861244262
9993208922
9924838699
9329219226
9763743198
9662965919
9753969081
9971932988
9602993907
9689601687
9370787616
9053062690
9543506929
9249595565
9075799108
9568975518
9575495708
9428263646
9243106854
9553514360
9641672296
9688747929
9901213666
9928170785
9469513231
9581431131
9886932769
9632117371
9641394310
9300912279
9091566743
9182161134
9022945406
9020575090
9147408522
9177725906
9106585737
9639004964
9807420956
9053204363
9245374215
9922543770
9796346951
9921460895
9055676156
9572394264
9237754173
9939211773
9874379902
9988243840
9712969568
9354363895
9108787366
9862341644
9970324959
9332686136
9893603903
9370976267
9143811320
9035971794
9729516453
9856265473
9077808710
9922480716
9523045378
9111974456
9466102452
9260978421
9897029593
9619986699
9297616992
9632915743
9138264379
9309317173
9914351468
9633139176
9399981854
9839860154
9702640114
9322342189
9695818968
9926739823
9124026619
9773919532
9890731853
9435430705
9158771767
9561597397
9099795915
9571810392
9569767824
9137261236
9869439938
9857925196
9202358231
9681798839
9711393192
9813795783
9941703925
9449943095
9680835596
9477178098
9079964820
9043775135
9091181940
9170349302
9441718241
9204542502
9395740605
9078524234
9354986732
9274823688
9338683894
9553486136
9214899965
9298146673
9535873084
9260926624
9920708878
9288312196
9114296298
9565926311
9672558268
9235804686
9221408569
9075965550
9380854440
9493600433
9950000811
9296688336
9388738923
9892000756
9250409355
9605560224
9237597204
9651853804
9737293776
9530019269
9894054027
9868676148
9557955062
9336200966
9776169476
9697069426
9969888577
9609818432
9468491250
9335723334
9340432362
9971961994
9061802492
9409380021
9729448587
9866435801
9809479082
9771350401
9489430575
9795598423
9785602266
9991845651
9835213123
9360023137
9046162932
9744060274
9494121282
9390938004
9452803542
9884227502
9992068372
9946843364
9070737198
9118215887
9251317195
9784672360
9338046338
9359034682
9579390505
9671364592
9618416308
9827746111
9495589822
9901617783
9734886548
9510387843
9833699429
9570215953
9543457321
9190058995
9215624672
9266326608
9753895929
9323173956
9858551896
9384249025
9027024218
9333109499
9741254454
9589015455
9725767195
9273063170
9257769146
9397409434
9286034654
9458038351
9406092350
9542714043
9662646502
9283147999
9341915526
9062698246
9833271874
9588705619
9968731079
9836267250
9791460588
9613425017
9083432003
9519841736
9430558078
9938768894
9381541948
9722288129
9559578239
9797271625
9497474776
9692425971
9872841662
9777356772
9459081419
9971331480
9304432608
9314113356
9146637489
9724683277
9030021502
9573830281
9554601882
9331130091
9939199135
9550403092
9756836500
9304455865
9042775199
9720194422
9181902382
9586709718
9865940469
9704059554
9170358867
9976128982
9303361525
9354616454
9527654177
9337177274
9022198611
9392402834
9368491721
9969800586
9754016949
9461844405
9213378451
9972993528
9682509238
9795789273
9613846864
9194130360
9122729881
9790487534
9513952989
9623336041
9810490977
9685299545
9638591835
9128316765
9928404542
9291977016
9424345351
9137025657
9627926518
9220872402
9468022805
9964996290
9625223081
9540660694
9460644848
9343981136
9240321455
9225286231
9527934850
9585911611
9200628443
9595323843
9568143577
9223305045
9100344057
9421049393
9158716889
9979084335
9786518315
9157970285
9404046110
9734833618
9204939116
9154755578
9849260899
9523237841
9279691838
9477965535
9601901251
9682252602
9347059764
9134432577
9491479757
9076110300
9117471084
9959777188
9353058232
9355297578
9139434415
9869638194
9307005937
9104885161
9835894048
9439019629
9442559549
9466788975
9279153659
9410164610
9113882404
9343552809
9619816512
9955136420
9979392044
9986057482
9141764045
9420330349
9229666572
9911010839
9760912887
9512915267
9592564873
9119818957
9220809786
9468052444
9485806748
9853201796
9777021315
9149371973
9755570577
9406865554
9737318532
9679748913
9877925560
9920942795
9840219479
9786971418
9607793286
9714335050
9243400762
9365279265
9714361606
9197251452
9545995645
9279613017
9209590024
9219106491
9717633472
9788703668
9199876688
9924892850
9572840098
9601136266
9422904579
9185330177
9404040015
9093856015
9303219825
9893745950
9197869717
9954534255
9656958892
9954833522
9972260659
9781170701
9026034077
9809905198
9038549955
9433859988
9779100797
9785046692
9506132463
9137405872
9133223499
9479775544
9078661183
9161323034
9745152659
9827073374
9023748062
9593548779
9356454508
9354004376
9559414312
9510178740
9794117608
9003500878
9797183644
9323120773
9552133331
9258612413
9801323017
9183294507
9907045870
9916378663
9216898241
9498376358
9009999950
9357460059
9575406046
9748022492
9022291697
9051085196
9625668851
9492739061
9551667174
9796973064
9375411376
9678427984
9853104611
9790600253
9131358213
9867439596
9776622758
9310062021
9256785823
9596857051
9645717732
9705523011
9221679240
9128158551
9222875517
9649991700
9068196358
9355773731
9437456945
9642670945
9321034510
9406590579
9526677991
9492544416
9509549126
9129378151
9899153702
9723599768
9142880876
9146624386
9819973024
9741905081
9752673818
9252628031
9142801846
9728690623
9606668356
9666742151
9227543753
9151494202
9391228810
9054393575
9300026006
9701320073
9389300381
9706173225
9444303618
9278152319
9073610148
9579507536
9713265354
9599525825
9721405418
9150898590
9150927531
9440663931
9454273157
9000931227
9174638120
9417051949
9564098830
9039344616
9447626327
9007311741
9181731440
9957368675
9012201947
9285783964
9977724551
9241321958
9453024936
9781473678
9252410975
9221823062
9138371612
9645895398
9391683585
9906487073
9094955597
9569845699
9023818705
9648288180
9092131541
9815936987
9734317666
9518580074
9419407805
9353330818
9411752946
9889407317
9167999459
9848763942
9790609838
9522978903
9235370389
9531552115
9009322803
9847541563
9056527968
9214442183
9800769084
9396744306
9421294830
9974126213
9349350674
9099061858
9192573822
9386851962
9994646845
9166284538
9148206208
9470043587
9940566326
9359087743
9581626879
9626915905
9061425129
9659155417
9996851772
9586847464
9181636118
9630664767
9859193453
9302596638
9115303462
9381424199
9104598180
9644943720
9529841897
9669056036
9140752629
9097082415
9577581096
9748794301
9208830519
9498389619
9454095501
9978408285
9588484127
9345393536
9771472328
9708292445
9892072285
9625899031
9069281656
9200868266
9656704456
9600626989
9590684606
9039404444
9448485680
9362050034
9836446755
9604351876
9958448734
9265799416
9895373300
9168119075
9001826374
9835921699
9055449792
9267137409
9095852886
9055157995
9515066566
9679172509
9999306822
9411461340
9901073445
9281088700
9187535704
9149053590
9062624527
9603266249
9471979200
9706751306
9564285637
9371903545
9100878800
9577378233
9240705977
9848511563
9940842998
9482443400
9015941829
9270928550
9214839482
9706394366
9696582138
9952577004
9241742154
9210855017
9143382402
9272387382
9472783970
9788700198
9478782572
9628641599
9623779530
9948659085
9814276471
9020595546
9776921653
9620040971
9798635617
9806568901
9392462366
9962687046
9872861170
9033973127
9694373475
9055758281
9475273417
9318620783
9084843172
9751129425
9130808996
9187154175
9071990845
9906230685
9946834274
9717434408
9247213996
9422917558
9111327505
9141809090
9612023352
9155409801
9599707759
9222176719
9636214429
9846939689
9265667012
9545024100
9617159367
9753605917
9734811632
9910145585
9831733581
9678183622
9638473209
9483720806
9601620973
9499146730
9091843671
9108123532
9804894723
9456353891
9859344136
9636462828
9569805425
9354419187
9954222819
9907537946
9698281004
9685928151
9244536835
9366741123
9426471340
9589451321
9627818877
9098123804
9292456927
9899083400
9589779209
9158756242
9456407190
9436731475
9396824651
9286983176
9130143334
9326404945
9068431147
9236159906
9521944913
9395133160
9975387792
9694500014
9615616760
9597813575
9078290154
9122048856
9090225824
9491266953
9839064812
9335363996
9201268859
9627274876
9090975978
9538720433
9345131050
9690008039
9241017306
9749311840
9658285882
9400925716
9232850118
9262419046
9017536699
9265150320
9805358991
9860952206
9638459140
9935285310
9395665193
9862311260
9706422398
9899838114
9981073070
9262612471
9397491218
9611895848
9588193131
9397726314
9525131229
9918744397
9042236595
9851223929
9265450023
9661124878
9266642073
9238107492
9940400451
9182403588
9201821584
9091250371
9217125362
9902789772
9021345706
9501357310
9562902392
9847198028
9296545906
9782991036
9421073099
9061772948
9339252713
9479074075
9574931141
9664293586
9836013091
9912901544
9358927674
9048604231
9637367303
9176935078
9802893688
9294894662
9470665876
9561395434
9794977344
9684453979
9454955095
9215067553
9797985465
9734527607
9647779874
9951442781
9779535417
9515497956
9091930840
9793401907
9867807941
9626384462
9748865865
9213070762
9604042168
9662561716
9325371237
9639445211
9997508603
9280687727
9203281742
9147819607
9834723471
9113251550
9833513696
9880426023
9661097121
9449073963
9317551497
9276675327
9785041085
9642666716
9522701545
9822239219
9462923868
9387525224
9480658316
9674237434
9316688225
9396451316
9038449680
9932450174
9681181154
9435046240
9709823418
9088320842
9946041663
9829047249
9314727609
9859436046
9666270220
9994803458
9477683877
9035027603
9991497572
9246314747
9921584958
9788588558
9086099939
9371798036
9548923508
9906479482
9800349906
9766519848
9199295091
9597460503
9963978783
9903167302
9957932773
9995487002
9871776084
9397247359
9936221474
9217699421
9567865375
9649185935
9298488332
9947632163
9904855992
9433969685
9607083451
9596015341
9163703523
9443330997
9839112878
9848270803
9476429930
9023089699
9727868303
9429457164
9366668685
9468883061
9394783236
9546714008
9142418809
9134941800
9818100598
9681074747
9356217655
9342046663
9316874181
9588745518
9489311890
9720088995
9170817414
9511346883
9026505197
9427570579
9506530601
9550081542
9958814290
9551927956
9244437253
9168042908
9441311083
9254570021
9116297935
9179028340
9140481258
9935765766
9221215791
9674897516
9410838160
9456644948
9537238204
9909476432
9853671770
9361056209
9158465980
9784233978
9456232798
9162602410
9856874931
9979924828
9321626270
9991307620
9887879458
9240760907
9564841196
9297935996
9966183757
9451510105
9275382317
9701142115
9310588425
9007368026
9147292743
9057603529
9920835896
9461928611
9895709188
9508916841
9222394637
9572277059
9533651682
9889150614
9770142397
9025239967
9675714752
9707197610
9334405614
9547677999
9525741860
9786430514
9940292677
9017470528
9315806117
9522011566
9091430496
9368423346
9822202460
9217800411
9665311487
9404483408
9650285624
9575834919
9509648470
9970560596
9796587005
9761345589
9234284331
9149520275
9805449444
9229294560
9736795941
9491492212
9589522802
9574697552
9204789171
9711630588
9145352908
9290006539
9461432231
9894590122
9134536790
9317394779
9880208939
9829653382
9452353042
9505271663
9346375931
9523720771
9191354950
9319292518
9244649410
9816155544
9715918403
9275102134
9559640339
9089027106
9456853239
9551378002
9089695463
9227411961
9175970982
9373572587
9063935248
9417679297
9732959143
9347167659
9231438069
9462851146
9962181627
9264213072
9487468215
9612182642
9104357493
9989266016
9813638094
9738185071
9718428993
9376661796
9190908454
9394726957
9946145819
9225605057
9941617868
9038934567
9848481841
9748365800
9381653474
9055633419
9567522251
9689556857
9250513421
9066427563
9952277101
9318435950
9755481055
9850694783
9795275588
9893633910
9520516243
9090806258
9984124892
9816887308
9765431463
9831593796
9771658487
9283482346
9993014906
9191277248
9019798825
9378129234
9836892420
9510509788
9958129654
9564044055
9185193562
9524776366
9615864764
9102771406
9467329291
9885714624
9638446397
9728179348
9998424798
9559604587
9450289082
9780158600
9612154853
9845624487
9567296328
9490563148
9659086265
9694985205
9872466787
9927172450
9624995702
9072216415
9770206903
9271877551
9438185973
9751176099
9280390528
9810362378
9499218081
9253702098
9719824582
9449633997
9476437055
9033575135
9017741204
9642802136
9927818821
9157321578
9637758825
9826156317
9862399096
9243977654
9477900238
9151855351
9862967195
9020928248
9974719327
9611692357
9545314058
9896378616
9259082770
9442440914
9227771917
9773063962
9073305542
9475962605
9955836175
9672574692
9870778802
9109582450
9900604618
9423516793
9330472243
9691540815
9259137143
9515431786
9350727262
9323904318
9111454116
9154342939
9462270651
9250214400
9246723269
9955095487
9783995812
9435316017
9382153584
9808539691
9489259154
9474564361
9323664514
9361632983
9635500648
9213203101
9575149559
9016696269
9821789765
9221622540
9054673941
9741149603
9966842381
9832277776
9148054394
9337337868
9673815086
9133631142
9517596470
9935224415
9637921126
9339066059
9875633146
9804127293
9572742273
9621691403
9781202979
9043195864
9356071733
9340672939
9640002064
9641662747
9667994452
9959299675
9320298387
9109848142
9204748554
9259520494
9516911643
9590595513
9645451122
9573611258
9505114992
9906424549
9371314258
9212197560
9818637071
9682387044
9698780561
9917405502
9846292292
9584207710
9192082418
9968516741
9000945374
9047699288
9009559046
9981819141
9952691072
9188880309
9106726103
9930053368
9890012022
9762616384
9029674593
9862543755
9593621253
9430311519
9093121938
9339356154
9067662757
9044790226
9264104766
9119289676
9418071763
9008349233
9177566636
9418894158
9005908810
9068408270
9676718981
9294629360
9172737976
9540665264
9195086563
9637583609
9599189199
9251983799
9896791065
9945133369
9512851316
9189048679
9100814768
9839658665
9241771705
9426261703
9487610938
9041504881
9660455209
9954068592
9222420089
9870675409
9202446171
9610376829
9637109633
9481519242
9024551004
9902464307
9841053002
9077509707
9374551253
9980725202
9847964470
9077822922
9579478908
9355430098
9164074919
9156168956
9943349067
9854427374
9943912593
9989907241
9321885814
9786507998
9839357389
9424726947
9960778041
9974371486
9824551398
9553055559
9836841796
9545946171
9883256575
9346163521
9881092183
9141716939
9154241806
9937858693
9777355670
9666640469
9941230696
9441355465
9671659061
9773742842
9725113670
9298883225
9770600421
9188287732
9124002338
9072778084
9052524224
9519297956
9363501800
9724763893
9879713927
9258052865
9395295546
9286603787
9333695841
9991932592
9185427519
9547366713
9578321123
9603010021
Number chahiye, chal hatt